,Lap,Összesen,Főpakli összesen,Főpakli top%,Side összesen,Side top%
1.,Morf talizmán,261,8,25%,253,24.11%
2.,A sors keze,187,182,26.92%,5,0%
3.,Eltörlés (2024),170,112,31.25%,58,22.41%
4.,Alvó termik,163,57,21.05%,106,31.13%
5.,Léleksorvasztás,159,154,25.97%,5,20%
6.,Tőr vagy kölyök?,150,127,20.47%,23,26.09%
7.,Tiltakozás,149,147,25.85%,2,50%
8.,"Kaci, az álomtolvaj",137,59,23.73%,78,26.92%
9.,Gyémántgólem (2023),136,42,16.67%,94,32.98%
10.,Füstbement terv,135,57,21.05%,78,28.21%
11.,Jégkornis (2026),131,75,29.33%,56,32.14%
12.,"Mimich, a háromszemű",131,63,20.63%,68,25%
13.,Rücskös látógömb (2026),126,107,30.84%,19,36.84%
14.,Sziréndal,125,102,31.37%,23,21.74%
15.,Nehéz harci fregatt,124,51,17.65%,73,34.25%
16.,Istenölő,120,37,18.92%,83,24.1%
17.,Zsebdimenzió,117,98,27.55%,19,31.58%
18.,Vízfőnix,113,96,23.96%,17,17.65%
19.,Teknős felderítő,111,101,26.73%,10,10%
20.,Időlassító,107,88,31.82%,19,26.32%
21.,Roxati leszámolás,106,103,32.04%,3,0%
22.,A szirének átka,105,3,0%,102,25.49%
23.,Süllyedő hajó,104,98,23.47%,6,16.67%
24.,A természet őre,103,102,26.47%,1,0%
25.,Az expedíció vezetője,103,97,22.68%,6,0%
26.,Purgálás (2026),100,89,23.6%,11,36.36%
27.,Árnyrém (2023),100,94,21.28%,6,33.33%
28.,Lohd Haven (2026),98,88,27.27%,10,10%
29.,Ősöreg Dorka (2026),98,0,0%,98,26.53%
30.,"Azt mondtam, nem (2026)",97,30,26.67%,67,31.34%
31.,Tűztomboló (2026),94,89,19.1%,5,40%
32.,Termikszaurusz,93,67,32.84%,26,15.38%
33.,Gruk'tar,93,76,23.68%,17,17.65%
34.,Raia szent főnixe,93,69,18.84%,24,20.83%
35.,Savrengés,91,84,32.14%,7,28.57%
36.,A gyalázat lemosása (2023),90,42,35.71%,48,31.25%
37.,A mélység felfedezése (2023),90,21,47.62%,69,13.04%
38.,Káoszfőnix,89,16,18.75%,73,36.99%
39.,Abrakadabra,88,7,28.57%,81,38.27%
40.,Lohd Haven hikoltása (2026),86,83,32.53%,3,33.33%
41.,"Kyb'er, a csontangyal (2024)",84,1,0%,83,15.66%
42.,Északi cirkáló,81,29,24.14%,52,32.69%
43.,Teknős íjász,81,32,15.63%,49,36.73%
44.,A szépség dühe (2026),78,65,24.62%,13,23.08%
45.,Napút,78,70,20%,8,0%
46.,Hegyi góliát (2024),76,24,4.17%,52,23.08%
47.,Ragálymester,75,66,21.21%,9,44.44%
48.,Termik nekromanta,75,31,19.35%,44,25%
49.,Precíziós csapás,75,15,6.67%,60,13.33%
50.,Császári kínmester (2023),74,66,24.24%,8,12.5%
51.,Az idő bélyege,74,60,18.33%,14,21.43%
52.,Hívó kürt (2024),74,44,18.18%,30,16.67%
53.,Moa homokfutó (2020),73,65,27.69%,8,12.5%
54.,Trikornis (2023),73,62,25.81%,11,0%
55.,Kiégetés,69,15,13.33%,54,24.07%
56.,A gyík lesújt (2026),68,61,26.23%,7,28.57%
57.,A majom technikája (2026),68,45,26.67%,23,17.39%
58.,A föld nyelte el,68,10,40%,58,25.86%
59.,Mösze tornádó (2024),67,64,20.31%,3,0%
60.,Kristálytiszta dallam,67,34,35.29%,33,33.33%
61.,Most már elég (2024),67,5,0%,62,14.52%
62.,Dimenzióvortex,66,9,11.11%,57,38.6%
63.,Tüskéscápa,65,40,15%,25,20%
64.,Végképp eltörölni (2026),64,57,26.32%,7,14.29%
65.,Buborék (2026),61,39,28.21%,22,22.73%
66.,A különlegesség megcsúfolása (új),61,28,28.57%,33,27.27%
67.,Az idő tornya (2026),59,22,9.09%,37,24.32%
68.,Gárdakapitány (2026),58,53,13.21%,5,20%
69.,Karácsony (2025),57,49,40.82%,8,25%
70.,Ewgbert manakifordítása,56,52,32.69%,4,25%
71.,Apró vörös sárkány,55,5,0%,50,26%
72.,A Gigász megsemmisítése,54,38,36.84%,16,18.75%
73.,Brutális termik,54,36,36.11%,18,27.78%
74.,Rohamozó ork (2024),53,50,24%,3,33.33%
75.,Nihilum termik,53,16,37.5%,37,27.03%
76.,Mutáns szirén,53,20,10%,33,24.24%
77.,Ghallai kráken,53,15,6.67%,38,31.58%
78.,Phalthagore (2026),52,37,35.14%,15,26.67%
79.,A múlt tükre (2025),51,47,23.4%,4,0%
80.,Cápaporonty,50,45,15.56%,5,0%
81.,Mélytengeri teknős (2025),50,13,15.38%,37,16.22%
82.,"Fefe, a fura elf",49,47,34.04%,2,0%
83.,Agybénítás (2025),49,45,33.33%,4,0%
84.,Tigrissárkány (2024),49,31,38.71%,18,27.78%
85.,Lávagólem (2024),49,0,0%,49,24.49%
86.,Apró mágia,48,31,29.03%,17,29.41%
87.,A sors fintora (2024),48,40,20%,8,12.5%
88.,Álommező,47,47,36.17%,0,0%
89.,Fémdarázs,47,40,22.5%,7,14.29%
90.,A sárkánykirály dühe,47,45,20%,2,0%
91.,Burástya szaporítótelep,46,46,26.09%,0,0%
92.,Jéggólem (2025),46,31,16.13%,15,6.67%
93.,Kincseskamra (2023),46,13,30.77%,33,27.27%
94.,Rughar aurája,45,40,30%,5,20%
95.,Szabotőr hajó,45,36,27.78%,9,22.22%
96.,Xenó képességvadász,45,27,18.52%,18,22.22%
97.,Görbe tükör,45,14,7.14%,31,19.35%
98.,Homokgólem (2025),44,0,0%,44,29.55%
99.,Isteni átok (2025),43,4,25%,39,28.21%
100.,Leah ítélete,42,27,7.41%,15,20%
